3580
2770
1745
2766
11969
16437
27187
9684
22906
1642
832
630
31363
3823
3337
7694
40069
4507
5447
16062
1946
4165
18695
789
5169
8783
233
5128
10130
37150
2783
2893
34167
122327
7754
3962
4841
5538
5082
23882
12889
1213
6894
7469
6961
646
24371
13342
44119
1337
11906
10771
10055
2883
56067
17991
1454
3128
69016
161581
10290
36737
1992
2001
15095
7930
25503
6142
22366
26089
9589
1076
9094
14012
14471
26779
26143
8686
424969
16178
3424
3962
3338
7652
13517
6207
2604
2146
6459
33734
329673
41339
1016
1982
3602
932
1754
8016
2174
249
7649
3800
1140
21896
2006
22050
630
6840
12913
14702
2026
44484
71197
6470
36468
3360
2429
29555
47980
955
32998
1149
34597
7815
2094
415
385991
8773
6177
745
6139
11677